function f = f_gen(in1,in2)
%F_GEN
%    F = F_GEN(IN1,IN2)

%    This function was generated by the Symbolic Math Toolbox version 7.1.
%    03-May-2020 20:39:46

Biomass = in1(1,:);
y1 = in2(47,:);
y2 = in2(48,:);
y3 = in2(49,:);
y4 = in2(50,:);
y5 = in2(51,:);
y6 = in2(52,:);
y7 = in2(53,:);
y8 = in2(54,:);
y9 = in2(55,:);
y10 = in2(56,:);
y11 = in2(57,:);
y12 = in2(58,:);
y13 = in2(59,:);
y14 = in2(60,:);
y15 = in2(61,:);
y16 = in2(62,:);
y17 = in2(63,:);
y18 = in2(64,:);
y19 = in2(65,:);
y20 = in2(66,:);
y21 = in2(67,:);
y22 = in2(68,:);
y23 = in2(69,:);
y24 = in2(70,:);
y25 = in2(71,:);
y26 = in2(72,:);
y27 = in2(73,:);
y28 = in2(74,:);
y29 = in2(75,:);
y30 = in2(76,:);
y31 = in2(77,:);
y32 = in2(78,:);
y33 = in2(79,:);
y34 = in2(80,:);
y35 = in2(81,:);
y36 = in2(82,:);
y37 = in2(83,:);
y38 = in2(84,:);
y39 = in2(85,:);
y40 = in2(86,:);
y41 = in2(87,:);
y42 = in2(88,:);
y43 = in2(89,:);
y44 = in2(90,:);
y45 = in2(91,:);
y46 = in2(92,:);
y47 = in2(93,:);
y48 = in2(94,:);
y49 = in2(95,:);
y50 = in2(96,:);
y51 = in2(97,:);
y52 = in2(98,:);
y53 = in2(99,:);
y54 = in2(100,:);
y55 = in2(101,:);
y56 = in2(102,:);
y57 = in2(103,:);
y58 = in2(104,:);
y59 = in2(105,:);
y60 = in2(106,:);
y61 = in2(107,:);
y62 = in2(108,:);
y63 = in2(109,:);
y64 = in2(110,:);
y65 = in2(111,:);
y66 = in2(112,:);
y67 = in2(113,:);
y68 = in2(114,:);
y69 = in2(115,:);
y70 = in2(116,:);
y71 = in2(117,:);
y72 = in2(118,:);
y73 = in2(119,:);
y74 = in2(120,:);
y75 = in2(121,:);
y76 = in2(122,:);
y77 = in2(123,:);
y78 = in2(124,:);
y79 = in2(125,:);
y80 = in2(126,:);
y81 = in2(127,:);
y82 = in2(128,:);
y83 = in2(129,:);
y84 = in2(130,:);
y85 = in2(131,:);
y86 = in2(132,:);
y87 = in2(133,:);
y88 = in2(134,:);
y89 = in2(135,:);
y90 = in2(136,:);
y91 = in2(137,:);
y92 = in2(138,:);
y93 = in2(139,:);
y94 = in2(140,:);
y95 = in2(141,:);
y96 = in2(142,:);
y97 = in2(143,:);
y98 = in2(144,:);
y99 = in2(145,:);
y100 = in2(146,:);
y101 = in2(147,:);
y102 = in2(148,:);
y103 = in2(149,:);
y104 = in2(150,:);
f = [Biomass.*(y1.*3.735176020169944e-1+y2.*3.735176020169943e-1+y3.*5.602764030254903e-1+y4.*2.119055607550903e-1+y5.*5.602764030254903e-1+y6.*3.747002708109903e-16+y7.*3.261280134836397e-16+y8.*1.249000902703301e-16+y9.*1.110223024625157e-16+y10.*1.110223024625157e-16+y11.*6.57678395264718e-2+y12.*1.202741610010586e-16+y13.*8.660383077611502e-2+y14.*6.576783952647181e-2+y15.*1.040834085586084e-16+y16.*1.040834085586084e-16+y17.*6.576783952647183e-2+y18.*6.576783952647177e-2+y19.*8.660383077611492e-2+y20.*6.576783952647176e-2+y21.*3.474807644576822e-1+y22.*3.474807644576822e-1+y23.*3.474807644576822e-1+y24.*6.576783952647155e-2+y25.*6.576783952647174e-2+y26.*6.576783952647154e-2+y27.*6.576783952647176e-2+y28.*9.605122732123891e-2+y29.*6.576783952647174e-2+y30.*9.605122732123884e-2+y31.*6.576783952647174e-2+y32.*9.605122732123891e-2+y33.*2.081668171172169e-16+y34.*7.632783294297951e-17+y35.*6.938893903907228e-17+y36.*2.775557561562891e-17+y37.*2.775557561562891e-17+y38.*6.47630097698008e-17+y39.*8.660383077611448e-2+y40.*3.735176020169934e-1+y41.*6.576783952647151e-2+y42.*6.576783952647169e-2+y43.*5.602764030254901e-1+y44.*2.081668171172169e-17+y45.*2.081668171172169e-17+y46.*6.57678395264716e-2+y47.*3.246533648968543e-2+y48.*8.660383077611436e-2+y49.*3.735176020169933e-1+y50.*6.576783952647129e-2+y51.*6.576783952647161e-2+y52.*5.602764030254899e-1+y53.*6.576783952647147e-2+y54.*6.576783952647284e-2+y55.*6.57678395264714e-2+y56.*3.474807644576829e-1+y57.*6.57678395264715e-2+y58.*9.605122732123851e-2+y59.*6.576783952647284e-2+y60.*3.474807644576884e-1+y61.*9.605122732123992e-2+y62.*3.47480764457683e-1+y63.*6.57678395264713e-2+y64.*9.605122732123845e-2+y65.*7.632783294297951e-17+y66.*3.965082230804131e-18-y67.*3.154042683594195e-18+y68.*2.873346970329269e-1+y69.*6.576783952647158e-2+y70.*8.161599673535958e-1+y71.*5.791729410401948e-2+y72.*8.161599673535963e-1+y73.*8.161599673535961e-1+y74.*5.407963225850065e-2+y75.*5.407963225850066e-2+y76.*8.161599673535962e-1+y77.*8.16159967353596e-1+y78.*5.553138911769844e-1+y79.*1.447932352600487e-1+y80.*8.161599673536019e-1+y81.*8.161599673536019e-1+y82.*6.854923167736134e-1+y83.*6.854923167736131e-1+y84.*3.261280134836397e-16+y85.*3.700743415417188e-17+y86.*2.636779683484747e-17+y87.*1.901120604978825e-1+y88.*6.576783952647171e-2+y89.*6.57678395264711e-2+y90.*6.57678395264711e-2+y91.*6.57678395264715e-2+y92.*6.576783952647085e-2+y93.*6.57678395264713e-2+y94.*5.543103656038399e-1+y95.*5.543103656038401e-1+y96.*1.902949571836348+y97.*1.902949571836348+y98.*6.576783952647174e-2+y99.*6.576783952647174e-2+y100.*6.576783952647176e-2+y101.*6.576783952647121e-2+y102.*6.576783952647174e-2+y103.*2.207992934422612e-1+y104.*2.207992934422612e-1);-Biomass.*(y1.*3.785881034643744+y2.*3.785881034643743+y3.*5.178821551965611+y4.*1.958713733246216+y5.*5.178821551965611+y6.*9.99999999999999e-1+y7.*9.999999999999986e-1+y8.*3.33333333333333e-1+y9.*3.333333333333331e-1+y10.*3.333333333333329e-1+y11.*1.0832730461471+y12.*3.33333333333333e-1+y13.*1.426466130685179+y14.*8.301362855785751e-1+y15.*3.333333333333331e-1+y16.*3.333333333333329e-1+y17.*8.301362855785752e-1+y18.*1.0832730461471+y19.*1.426466130685179+y20.*8.301362855785747e-1+y21.*3.43410275502606+y22.*3.43410275502606+y23.*3.43410275502606+y24.*9.877781431546624e-1+y25.*9.877781431546637e-1+y26.*9.877781431546623e-1+y27.*9.877781431546636e-1+y28.*1.212379935965855+y29.*9.877781431546637e-1+y30.*1.212379935965855+y31.*9.877781431546634e-1+y32.*1.212379935965855+y33.*9.99999999999998e-1+y34.*9.999999999999969e-1+y35.*3.333333333333327e-1+y36.*3.333333333333328e-1+y37.*3.333333333333323e-1+y38.*3.333333333333327e-1+y39.*1.426466130685177+y40.*3.785881034643738+y41.*1.083273046147099+y42.*8.301362855785743e-1+y43.*5.178821551965609+y44.*3.333333333333328e-1+y45.*3.333333333333323e-1+y46.*8.30136285578574e-1+y47.*3.000879269529922e-1+y48.*1.426466130685175+y49.*3.785881034643738+y50.*1.083273046147097+y51.*8.301362855785738e-1+y52.*5.178821551965609+y53.*9.87778143154662e-1+y54.*9.877781431546701e-1+y55.*9.877781431546614e-1+y56.*3.434102755026064+y57.*9.877781431546621e-1+y58.*1.212379935965852+y59.*9.877781431546701e-1+y60.*3.434102755026095+y61.*1.212379935965861+y62.*3.434102755026064+y63.*9.877781431546608e-1+y64.*1.212379935965852+y65.*9.999999999999959e-1+y66.*4.761904761904743e-2+y67.*4.545454545454527e-2+y68.*2.414931826422474+y69.*5.527520709039944e-1+y70.*7.087329116506799+y71.*5.029393026757786e-1+y72.*7.087329116506803+y73.*7.087329116506801+y74.*4.696140066247546e-1+y75.*4.696140066247548e-1+y76.*7.087329116506802+y77.*7.0873291165068+y78.*4.502605347672743+y79.*1.174014923356114+y80.*7.087329116506833+y81.*7.087329116506833+y82.*6.112744444655985+y83.*6.112744444655983+y84.*9.999999999999982e-1+y85.*1.111111111111109e-1+y86.*9.999999999999982e-2+y87.*1.936175156578403+y88.*6.698052541196249e-1+y89.*9.877781431546592e-1+y90.*9.877781431546593e-1+y91.*9.877781431546621e-1+y92.*9.877781431546582e-1+y93.*9.877781431546608e-1+y94.*4.611135211561813+y95.*4.611135211561815+y96.*1.694140501110053e1+y97.*1.694140501110053e1+y98.*9.877781431546632e-1+y99.*9.877781431546633e-1+y100.*9.877781431546636e-1+y101.*9.877781431546605e-1+y102.*9.877781431546634e-1+y103.*2.137594759696768+y104.*2.137594759696768)];
