function hieq = hieq_gen(in1)
%HIEQ_GEN
%    HIEQ = HIEQ_GEN(IN1)

%    This function was generated by the Symbolic Math Toolbox version 7.1.
%    03-May-2020 20:39:14

y1 = in1(47,:);
y2 = in1(48,:);
y3 = in1(49,:);
y4 = in1(50,:);
y5 = in1(51,:);
y6 = in1(52,:);
y7 = in1(53,:);
y8 = in1(54,:);
y9 = in1(55,:);
y10 = in1(56,:);
y11 = in1(57,:);
y12 = in1(58,:);
y13 = in1(59,:);
y14 = in1(60,:);
y15 = in1(61,:);
y16 = in1(62,:);
y17 = in1(63,:);
y18 = in1(64,:);
y19 = in1(65,:);
y20 = in1(66,:);
y21 = in1(67,:);
y22 = in1(68,:);
y23 = in1(69,:);
y24 = in1(70,:);
y25 = in1(71,:);
y26 = in1(72,:);
y27 = in1(73,:);
y28 = in1(74,:);
y29 = in1(75,:);
y30 = in1(76,:);
y31 = in1(77,:);
y32 = in1(78,:);
y33 = in1(79,:);
y34 = in1(80,:);
y35 = in1(81,:);
y36 = in1(82,:);
y37 = in1(83,:);
y38 = in1(84,:);
y39 = in1(85,:);
y40 = in1(86,:);
y41 = in1(87,:);
y42 = in1(88,:);
y43 = in1(89,:);
y44 = in1(90,:);
y45 = in1(91,:);
y46 = in1(92,:);
y47 = in1(93,:);
y48 = in1(94,:);
y49 = in1(95,:);
y50 = in1(96,:);
y51 = in1(97,:);
y52 = in1(98,:);
y53 = in1(99,:);
y54 = in1(100,:);
y55 = in1(101,:);
y56 = in1(102,:);
y57 = in1(103,:);
y58 = in1(104,:);
y59 = in1(105,:);
y60 = in1(106,:);
y61 = in1(107,:);
y62 = in1(108,:);
y63 = in1(109,:);
y64 = in1(110,:);
y65 = in1(111,:);
y66 = in1(112,:);
y67 = in1(113,:);
y68 = in1(114,:);
y69 = in1(115,:);
y70 = in1(116,:);
y71 = in1(117,:);
y72 = in1(118,:);
y73 = in1(119,:);
y74 = in1(120,:);
y75 = in1(121,:);
y76 = in1(122,:);
y77 = in1(123,:);
y78 = in1(124,:);
y79 = in1(125,:);
y80 = in1(126,:);
y81 = in1(127,:);
y82 = in1(128,:);
y83 = in1(129,:);
y84 = in1(130,:);
y85 = in1(131,:);
y86 = in1(132,:);
y87 = in1(133,:);
y88 = in1(134,:);
y89 = in1(135,:);
y90 = in1(136,:);
y91 = in1(137,:);
y92 = in1(138,:);
y93 = in1(139,:);
y94 = in1(140,:);
y95 = in1(141,:);
y96 = in1(142,:);
y97 = in1(143,:);
y98 = in1(144,:);
y99 = in1(145,:);
y100 = in1(146,:);
y101 = in1(147,:);
y102 = in1(148,:);
y103 = in1(149,:);
y104 = in1(150,:);
hieq = [y1;y2;y3;y4;y5;y6;y7;y8;y9;y10;y11;y12;y13;y14;y15;y16;y17;y18;y19;y20;y21;y22;y23;y24;y25;y26;y27;y28;y29;y30;y31;y32;y33;y34;y35;y36;y37;y38;y39;y40;y41;y42;y43;y44;y45;y46;y47;y48;y49;y50;y51;y52;y53;y54;y55;y56;y57;y58;y59;y60;y61;y62;y63;y64;y65;y66;y67;y68;y69;y70;y71;y72;y73;y74;y75;y76;y77;y78;y79;y80;y81;y82;y83;y84;y85;y86;y87;y88;y89;y90;y91;y92;y93;y94;y95;y96;y97;y98;y99;y100;y101;y102;y103;y104];
